BASIS_SET: 631G
NUMB_ATOM: 9

XYZ ( INPUT, ANGSTROM )
 O:      8.000 :   1.35200000e+00   2.02600000e+00  -1.69000000e-01
 H:      1.000 :   8.50000000e-01   2.18800000e+00  -9.68000000e-01
 H:      1.000 :   1.46300000e+00   1.07500000e+00  -1.45000000e-01
 O:      8.000 :  -3.05000000e-01  -2.79000000e-01  -1.07100000e+00
 H:      1.000 :  -9.91000000e-01  -9.46000000e-01  -1.03900000e+00
 H:      1.000 :  -5.30000000e-02  -2.39000000e-01  -1.99400000e+00
 O:      8.000 :   9.77000000e-01  -3.83000000e-01   1.37000000e+00
 H:      1.000 :   5.03000000e-01  -5.53000000e-01   5.56000000e-01
 H:      1.000 :   1.88900000e+00  -2.73000000e-01   1.09800000e+00

----
XYZ ( BOHR )
 O:      8.000 :   2.55490954e+00   3.82858485e+00  -3.19363692e-01
 H:      1.000 :   1.60626709e+00   4.13472046e+00  -1.82925476e+00
 H:      1.000 :   2.76466912e+00   2.03145544e+00  -2.74010268e-01
 O:      8.000 :  -5.76366426e-01  -5.27233551e-01  -2.02389653e+00
 H:      1.000 :  -1.87271845e+00  -1.78768078e+00  -1.96342530e+00
 H:      1.000 :  -1.00155477e-01  -4.51644511e-01  -3.76811362e+00
 O:      8.000 :   1.84626229e+00  -7.23765053e-01   2.58892460e+00
 H:      1.000 :   9.50532172e-01  -1.04501847e+00   1.05068765e+00
 H:      1.000 :   3.56969239e+00  -5.15895195e-01   2.07491913e+00

NUMB_ELEC               :       30
NUCLEAR REPULSION ENERGY:  8.3446293002930432e+01


NUMB_SHELL, NUMB_PRIM:       27      66

LQN, ATM, TEM, ADD, INI:
original order:
    0:         0         0         6         0         0
    1:         0         0         3         6         1
    2:         1         0         3         9         2
    3:         0         0         1        12         5
    4:         1         0         1        13         6
    5:         0         1         3        14         9
    6:         0         1         1        17        10
    7:         0         2         3        18        11
    8:         0         2         1        21        12
    9:         0         3         6        22        13
   10:         0         3         3        28        14
   11:         1         3         3        31        15
   12:         0         3         1        34        18
   13:         1         3         1        35        19
   14:         0         4         3        36        22
   15:         0         4         1        39        23
   16:         0         5         3        40        24
   17:         0         5         1        43        25
   18:         0         6         6        44        26
   19:         0         6         3        50        27
   20:         1         6         3        53        28
   21:         0         6         1        56        31
   22:         1         6         1        57        32
   23:         0         7         3        58        35
   24:         0         7         1        61        36
   25:         0         8         3        62        37
   26:         0         8         1        65        38
sorted order:
    0:         0         0         6         0         0
    1:         0         0         3         6         1
    2:         0         0         1         9         2
    3:         0         1         3        10         3
    4:         0         1         1        13         4
    5:         0         2         3        14         5
    6:         0         2         1        17         6
    7:         0         3         6        18         7
    8:         0         3         3        24         8
    9:         0         3         1        27         9
   10:         0         4         3        28        10
   11:         0         4         1        31        11
   12:         0         5         3        32        12
   13:         0         5         1        35        13
   14:         0         6         6        36        14
   15:         0         6         3        42        15
   16:         0         6         1        45        16
   17:         0         7         3        46        17
   18:         0         7         1        49        18
   19:         0         8         3        50        19
   20:         0         8         1        53        20
   21:         1         0         3        54        21
   22:         1         0         1        57        24
   23:         1         3         3        58        27
   24:         1         3         1        61        30
   25:         1         6         3        62        33
   26:         1         6         1        65        36

EXP, COE(unnormalized), COE(normalized = original):
original order:
    0:  5.4846716600000000e+03  8.3172367804633374e-01  1.8310744300000000e-03
    1:  8.2523494600000004e+02  1.5308155627660587e+00  1.3950172199999999e-02
    2:  1.8804695799999999e+02  2.4771485422918578e+00  6.8445078100000001e-02
    3:  5.2964500000000001e+01  3.2562810957634838e+00  2.3271433599999999e-01
    4:  1.6897570399999999e+01  2.7928933738950428e+00  4.7019289800000003e-01
    5:  5.7996353400000000e+00  9.5493767743077740e-01  3.5852085299999997e-01
    6:  1.5539616250000000e+01 -6.1793395708187848e-01 -1.1077754900000000e-01
    7:  3.5999335860000001e+00 -2.7572092771740792e-01 -1.4802626199999999e-01
    8:  1.0137617500000000e+00  8.1420759170026269e-01  1.1307670100000000e+00
    9:  1.5539616250000000e+01  3.1169442731245609e+00  7.0874268200000007e-02
   10:  3.5999335860000001e+00  2.4014375277754954e+00  3.3975283899999997e-01
   11:  1.0137617500000000e+00  1.0543604217571199e+00  7.2715857699999997e-01
   12:  2.7000582260000000e-01  2.6695615561643543e-01  1.0000000000000000e+00
   13:  2.7000582260000000e-01  2.7743196634004086e-01  1.0000000000000000e+00
   14:  1.8731136960000001e+01  2.1493544889215385e-01  3.3494604339999998e-02
   15:  2.8253943650000002e+00  3.6457120219187472e-01  2.3472695350000000e-01
   16:  6.4012169230000004e-01  4.1505142788289895e-01  8.1375732619999996e-01
   17:  1.6127775880000000e-01  1.8138064917865246e-01  1.0000000000000000e+00
   18:  1.8731136960000001e+01  2.1493544889215385e-01  3.3494604339999998e-02
   19:  2.8253943650000002e+00  3.6457120219187472e-01  2.3472695350000000e-01
   20:  6.4012169230000004e-01  4.1505142788289895e-01  8.1375732619999996e-01
   21:  1.6127775880000000e-01  1.8138064917865246e-01  1.0000000000000000e+00
   22:  5.4846716600000000e+03  8.3172367804633374e-01  1.8310744300000000e-03
   23:  8.2523494600000004e+02  1.5308155627660587e+00  1.3950172199999999e-02
   24:  1.8804695799999999e+02  2.4771485422918578e+00  6.8445078100000001e-02
   25:  5.2964500000000001e+01  3.2562810957634838e+00  2.3271433599999999e-01
   26:  1.6897570399999999e+01  2.7928933738950428e+00  4.7019289800000003e-01
   27:  5.7996353400000000e+00  9.5493767743077740e-01  3.5852085299999997e-01
   28:  1.5539616250000000e+01 -6.1793395708187848e-01 -1.1077754900000000e-01
   29:  3.5999335860000001e+00 -2.7572092771740792e-01 -1.4802626199999999e-01
   30:  1.0137617500000000e+00  8.1420759170026269e-01  1.1307670100000000e+00
   31:  1.5539616250000000e+01  3.1169442731245609e+00  7.0874268200000007e-02
   32:  3.5999335860000001e+00  2.4014375277754954e+00  3.3975283899999997e-01
   33:  1.0137617500000000e+00  1.0543604217571199e+00  7.2715857699999997e-01
   34:  2.7000582260000000e-01  2.6695615561643543e-01  1.0000000000000000e+00
   35:  2.7000582260000000e-01  2.7743196634004086e-01  1.0000000000000000e+00
   36:  1.8731136960000001e+01  2.1493544889215385e-01  3.3494604339999998e-02
   37:  2.8253943650000002e+00  3.6457120219187472e-01  2.3472695350000000e-01
   38:  6.4012169230000004e-01  4.1505142788289895e-01  8.1375732619999996e-01
   39:  1.6127775880000000e-01  1.8138064917865246e-01  1.0000000000000000e+00
   40:  1.8731136960000001e+01  2.1493544889215385e-01  3.3494604339999998e-02
   41:  2.8253943650000002e+00  3.6457120219187472e-01  2.3472695350000000e-01
   42:  6.4012169230000004e-01  4.1505142788289895e-01  8.1375732619999996e-01
   43:  1.6127775880000000e-01  1.8138064917865246e-01  1.0000000000000000e+00
   44:  5.4846716600000000e+03  8.3172367804633374e-01  1.8310744300000000e-03
   45:  8.2523494600000004e+02  1.5308155627660587e+00  1.3950172199999999e-02
   46:  1.8804695799999999e+02  2.4771485422918578e+00  6.8445078100000001e-02
   47:  5.2964500000000001e+01  3.2562810957634838e+00  2.3271433599999999e-01
   48:  1.6897570399999999e+01  2.7928933738950428e+00  4.7019289800000003e-01
   49:  5.7996353400000000e+00  9.5493767743077740e-01  3.5852085299999997e-01
   50:  1.5539616250000000e+01 -6.1793395708187848e-01 -1.1077754900000000e-01
   51:  3.5999335860000001e+00 -2.7572092771740792e-01 -1.4802626199999999e-01
   52:  1.0137617500000000e+00  8.1420759170026269e-01  1.1307670100000000e+00
   53:  1.5539616250000000e+01  3.1169442731245609e+00  7.0874268200000007e-02
   54:  3.5999335860000001e+00  2.4014375277754954e+00  3.3975283899999997e-01
   55:  1.0137617500000000e+00  1.0543604217571199e+00  7.2715857699999997e-01
   56:  2.7000582260000000e-01  2.6695615561643543e-01  1.0000000000000000e+00
   57:  2.7000582260000000e-01  2.7743196634004086e-01  1.0000000000000000e+00
   58:  1.8731136960000001e+01  2.1493544889215385e-01  3.3494604339999998e-02
   59:  2.8253943650000002e+00  3.6457120219187472e-01  2.3472695350000000e-01
   60:  6.4012169230000004e-01  4.1505142788289895e-01  8.1375732619999996e-01
   61:  1.6127775880000000e-01  1.8138064917865246e-01  1.0000000000000000e+00
   62:  1.8731136960000001e+01  2.1493544889215385e-01  3.3494604339999998e-02
   63:  2.8253943650000002e+00  3.6457120219187472e-01  2.3472695350000000e-01
   64:  6.4012169230000004e-01  4.1505142788289895e-01  8.1375732619999996e-01
   65:  1.6127775880000000e-01  1.8138064917865246e-01  1.0000000000000000e+00
sorted order:
    0:  5.4846716600000000e+03  8.3172367804633374e-01  1.8310744300000000e-03
    1:  8.2523494600000004e+02  1.5308155627660587e+00  1.3950172199999999e-02
    2:  1.8804695799999999e+02  2.4771485422918578e+00  6.8445078100000001e-02
    3:  5.2964500000000001e+01  3.2562810957634838e+00  2.3271433599999999e-01
    4:  1.6897570399999999e+01  2.7928933738950428e+00  4.7019289800000003e-01
    5:  5.7996353400000000e+00  9.5493767743077740e-01  3.5852085299999997e-01
    6:  1.5539616250000000e+01 -6.1793395708187848e-01 -1.1077754900000000e-01
    7:  3.5999335860000001e+00 -2.7572092771740792e-01 -1.4802626199999999e-01
    8:  1.0137617500000000e+00  8.1420759170026269e-01  1.1307670100000000e+00
    9:  2.7000582260000000e-01  2.6695615561643543e-01  1.0000000000000000e+00
   10:  1.8731136960000001e+01  2.1493544889215385e-01  3.3494604339999998e-02
   11:  2.8253943650000002e+00  3.6457120219187472e-01  2.3472695350000000e-01
   12:  6.4012169230000004e-01  4.1505142788289895e-01  8.1375732619999996e-01
   13:  1.6127775880000000e-01  1.8138064917865246e-01  1.0000000000000000e+00
   14:  1.8731136960000001e+01  2.1493544889215385e-01  3.3494604339999998e-02
   15:  2.8253943650000002e+00  3.6457120219187472e-01  2.3472695350000000e-01
   16:  6.4012169230000004e-01  4.1505142788289895e-01  8.1375732619999996e-01
   17:  1.6127775880000000e-01  1.8138064917865246e-01  1.0000000000000000e+00
   18:  5.4846716600000000e+03  8.3172367804633374e-01  1.8310744300000000e-03
   19:  8.2523494600000004e+02  1.5308155627660587e+00  1.3950172199999999e-02
   20:  1.8804695799999999e+02  2.4771485422918578e+00  6.8445078100000001e-02
   21:  5.2964500000000001e+01  3.2562810957634838e+00  2.3271433599999999e-01
   22:  1.6897570399999999e+01  2.7928933738950428e+00  4.7019289800000003e-01
   23:  5.7996353400000000e+00  9.5493767743077740e-01  3.5852085299999997e-01
   24:  1.5539616250000000e+01 -6.1793395708187848e-01 -1.1077754900000000e-01
   25:  3.5999335860000001e+00 -2.7572092771740792e-01 -1.4802626199999999e-01
   26:  1.0137617500000000e+00  8.1420759170026269e-01  1.1307670100000000e+00
   27:  2.7000582260000000e-01  2.6695615561643543e-01  1.0000000000000000e+00
   28:  1.8731136960000001e+01  2.1493544889215385e-01  3.3494604339999998e-02
   29:  2.8253943650000002e+00  3.6457120219187472e-01  2.3472695350000000e-01
   30:  6.4012169230000004e-01  4.1505142788289895e-01  8.1375732619999996e-01
   31:  1.6127775880000000e-01  1.8138064917865246e-01  1.0000000000000000e+00
   32:  1.8731136960000001e+01  2.1493544889215385e-01  3.3494604339999998e-02
   33:  2.8253943650000002e+00  3.6457120219187472e-01  2.3472695350000000e-01
   34:  6.4012169230000004e-01  4.1505142788289895e-01  8.1375732619999996e-01
   35:  1.6127775880000000e-01  1.8138064917865246e-01  1.0000000000000000e+00
   36:  5.4846716600000000e+03  8.3172367804633374e-01  1.8310744300000000e-03
   37:  8.2523494600000004e+02  1.5308155627660587e+00  1.3950172199999999e-02
   38:  1.8804695799999999e+02  2.4771485422918578e+00  6.8445078100000001e-02
   39:  5.2964500000000001e+01  3.2562810957634838e+00  2.3271433599999999e-01
   40:  1.6897570399999999e+01  2.7928933738950428e+00  4.7019289800000003e-01
   41:  5.7996353400000000e+00  9.5493767743077740e-01  3.5852085299999997e-01
   42:  1.5539616250000000e+01 -6.1793395708187848e-01 -1.1077754900000000e-01
   43:  3.5999335860000001e+00 -2.7572092771740792e-01 -1.4802626199999999e-01
   44:  1.0137617500000000e+00  8.1420759170026269e-01  1.1307670100000000e+00
   45:  2.7000582260000000e-01  2.6695615561643543e-01  1.0000000000000000e+00
   46:  1.8731136960000001e+01  2.1493544889215385e-01  3.3494604339999998e-02
   47:  2.8253943650000002e+00  3.6457120219187472e-01  2.3472695350000000e-01
   48:  6.4012169230000004e-01  4.1505142788289895e-01  8.1375732619999996e-01
   49:  1.6127775880000000e-01  1.8138064917865246e-01  1.0000000000000000e+00
   50:  1.8731136960000001e+01  2.1493544889215385e-01  3.3494604339999998e-02
   51:  2.8253943650000002e+00  3.6457120219187472e-01  2.3472695350000000e-01
   52:  6.4012169230000004e-01  4.1505142788289895e-01  8.1375732619999996e-01
   53:  1.6127775880000000e-01  1.8138064917865246e-01  1.0000000000000000e+00
   54:  1.5539616250000000e+01  3.1169442731245609e+00  7.0874268200000007e-02
   55:  3.5999335860000001e+00  2.4014375277754954e+00  3.3975283899999997e-01
   56:  1.0137617500000000e+00  1.0543604217571199e+00  7.2715857699999997e-01
   57:  2.7000582260000000e-01  2.7743196634004086e-01  1.0000000000000000e+00
   58:  1.5539616250000000e+01  3.1169442731245609e+00  7.0874268200000007e-02
   59:  3.5999335860000001e+00  2.4014375277754954e+00  3.3975283899999997e-01
   60:  1.0137617500000000e+00  1.0543604217571199e+00  7.2715857699999997e-01
   61:  2.7000582260000000e-01  2.7743196634004086e-01  1.0000000000000000e+00
   62:  1.5539616250000000e+01  3.1169442731245609e+00  7.0874268200000007e-02
   63:  3.5999335860000001e+00  2.4014375277754954e+00  3.3975283899999997e-01
   64:  1.0137617500000000e+00  1.0543604217571199e+00  7.2715857699999997e-01
   65:  2.7000582260000000e-01  2.7743196634004086e-01  1.0000000000000000e+00

MAX_LQN, MAX_M_VALUE :        1       4
L, LQN_NUMB, LQN_ADD:
    0:        21         0
    1:         6        21
CS-PAIR:
Lij, NUMB, ADD:     0,   231,     0
Lij, NUMB, ADD:     1,   126,   231
Lij, NUMB, ADD:     2,    21,   357

NUMB_AO, NSIZE_FOCK  :       39     780
NUMB_OCC             :       15

ITER -    1:   -2.088304644023259e+02        7.631051e+00        1.000000e-08
ITER -    2:   -2.125712806985796e+02        7.630923e+00        1.000000e-08
ITER -    3:   -2.240189808901235e+02        2.367181e+00        1.000000e-08
ITER -    4:   -2.277538236197634e+02        1.431699e-01        1.000000e-08
ITER -    5:   -2.279288470539780e+02        5.885156e-02        1.000000e-08
ITER -    6:   -2.279518846594370e+02        1.645106e-02        1.000000e-08
ITER -    7:   -2.279531891113804e+02        4.204692e-03        1.000000e-08
ITER -    8:   -2.279533399554266e+02        2.320291e-03        1.000000e-08
ITER -    9:   -2.279533599658174e+02        2.046453e-04        1.000000e-08
ITER -   10:   -2.279533602857576e+02        1.078885e-04        1.000000e-08
ITER -   11:   -2.279533603313825e+02        2.844459e-05        1.000000e-08
ITER -   12:   -2.279533603360267e+02        1.958305e-05        1.000000e-08
ITER -   13:   -2.279533603373109e+02        7.918991e-06        1.000000e-08
ITER -   14:   -2.279533603374195e+02        1.984950e-06        1.000000e-08
ITER -   15:   -2.279533603374269e+02        6.304958e-07        1.000000e-08
ITER -   16:   -2.279533603374267e+02        2.598205e-07        1.000000e-08
ITER -   17:   -2.279533603374271e+02        5.886196e-08        1.000000e-08
ITER -   18:   -2.279533603374276e+02        1.527177e-08        1.000000e-08
ITER -   19:   -2.279533603374279e+02        9.730895e-09        1.000000e-08

*** SCF CONVERGED AFTER     19 ITRATIONS ***


RESULTS: *** CONVERGED ***
      ONE ELECTRON ENERGY =    -480.4950988848
      TWO ELECTRON ENERGY =     169.0954455445
 NUCLEAR REPULSION ENERGY =      83.4462930029
 ----------------------------------------------
             TOTAL ENERGY =    -227.9533603374

CONVERGED:
EIGEN VECTOR:
                     1               2               3               4
    E     -20.62037342    -20.53632775    -20.53231522     -1.41791218
    1       0.00000537      0.99579190     -0.00044285     -0.00773777
    2       0.00004793      0.02221927     -0.00006103      0.01727343
    3      -0.00013305     -0.00892419      0.00015886      0.01395654
    4      -0.00000570      0.00016126     -0.00004040      0.00494847
    5      -0.00004196      0.00192909      0.00002082      0.00268957
    6      -0.00006176     -0.00002096      0.00007240      0.00709410
    7       0.00018730      0.00323402     -0.00007549      0.00330941
    8       0.99577570      0.00000072      0.00001158     -0.21236440
    9       0.02212035      0.00009116     -0.00027965      0.46795053
   10      -0.00823279     -0.00011136      0.00066219      0.48328121
   11       0.00018741     -0.00012370     -0.00021115      0.13655657
   12       0.00181631     -0.00004999      0.00037104     -0.01121988
   13       0.00007148      0.00014298      0.00006107      0.13747083
   14       0.00187330     -0.00027335      0.00017342     -0.01016967
   15       0.00004096     -0.00043299     -0.99579095     -0.01595305
   16       0.00022747      0.00004286     -0.02233579      0.03447730
   17      -0.00078347      0.00002234      0.00919549      0.03410032
   18       0.00006316      0.00009710     -0.00008515      0.01817003
   19       0.00109561     -0.00006564     -0.00366353      0.00258665
   20       0.00005845      0.00011496     -0.00019230      0.00946558
   21      -0.00025295     -0.00072373     -0.00167685     -0.00121522
   22       0.00000960     -0.00058956     -0.00001998     -0.00167916
   23      -0.00001529     -0.00142895     -0.00000478     -0.00392941
   24       0.00000304     -0.00144265      0.00002716     -0.00281327
   25      -0.00001427      0.00052327      0.00002502     -0.00144289
   26       0.00007906      0.00166783     -0.00005510     -0.00223584
   27      -0.00001272      0.00133840     -0.00004222     -0.00144603
   28      -0.00059452      0.00006263     -0.00006573     -0.03479628
   29      -0.00112943      0.00004742      0.00002598     -0.06006065
   30      -0.00139240      0.00002328     -0.00012455     -0.07852100
   31       0.00050421     -0.00032154      0.00033351     -0.01536368
   32       0.00106887     -0.00028831     -0.00014904     -0.03355173
   33       0.00105609     -0.00008873      0.00078829     -0.04005399
   34      -0.00005218     -0.00002013     -0.00073273      0.00073211
   35      -0.00002178      0.00003643      0.00020217     -0.00065184
   36      -0.00002313     -0.00005460      0.00196301     -0.01061904
   37       0.00032422      0.00012672      0.00030684      0.00084431
   38       0.00010365     -0.00023778     -0.00029057     -0.00032489
   39       0.00035687      0.00030065     -0.00228570     -0.00553780

                     5               6               7               8
    E      -1.34037023     -1.32825548     -0.77248751     -0.70168550
    1       0.14424924      0.15575612     -0.00442623      0.00445082
    2      -0.31756717     -0.34163349      0.01094547     -0.01135831
    3      -0.32499320     -0.36254454      0.01265894     -0.01432275
    4      -0.09456297     -0.10402311      0.00069106      0.02183418
    5       0.00639338      0.00356430     -0.00267102      0.01392890
    6      -0.10224404     -0.09925668     -0.00749884     -0.01343738
    7       0.00421992      0.02672840      0.00005721     -0.00551958
    8      -0.01927653      0.00588635     -0.00145521     -0.01987228
    9       0.04505938     -0.01346994      0.00284908      0.04599396
   10       0.04053672     -0.01033982      0.00844948      0.08006280
   11       0.01502655     -0.00642604      0.24894535     -0.09534766
   12      -0.00556960      0.00203244      0.10285036     -0.03795039
   13       0.01596475     -0.00448000     -0.25887561     -0.02246785
   14      -0.00414893     -0.00331511     -0.11042981     -0.00592527
   15       0.15261499     -0.14656280      0.00381009      0.00627790
   16      -0.33250260      0.32207316     -0.00951172     -0.01496572
   17      -0.35402617      0.33955906     -0.00902964     -0.01786815
   18      -0.09877185      0.09596331      0.03566024      0.23955423
   19       0.02107721     -0.01877955      0.00966181      0.11184896
   20      -0.10196117      0.09730424     -0.02937549     -0.22984733
   21      -0.00098564     -0.01169291     -0.01221669     -0.10987068
   22       0.02335845      0.02601084      0.00197238     -0.02839092
   23       0.05356762      0.05157629      0.01168831      0.01390168
   24       0.04913890      0.05639637      0.00216459     -0.02729487
   25       0.01075500      0.01016219      0.00075161     -0.02030282
   26       0.02824041      0.03280368      0.00875078      0.00358963
   27       0.02710209      0.03208644      0.00200641     -0.01709711
   28      -0.00757589      0.00304271     -0.30143244      0.17512456
   29      -0.00713633      0.00020897     -0.23583716      0.09321792
   30      -0.01404841      0.00731378      0.33072956      0.13418643
   31      -0.00951889     -0.00116232     -0.16543290      0.11987619
   32      -0.00694313     -0.00543822     -0.13396094      0.05960277
   33      -0.01279628      0.00521994      0.18654853      0.10018610
   34      -0.03051137      0.02812089     -0.04900571     -0.39632511
   35       0.00269238     -0.00616942     -0.01112738     -0.07952738
   36       0.07611330     -0.07152272     -0.02499857     -0.18348075
   37      -0.01293214      0.01464846     -0.02680313     -0.20827328
   38       0.00196424     -0.00906061     -0.00728541     -0.04237875
   39       0.04785179     -0.03934155     -0.01338106     -0.10055081

                     9              10              11              12
    E      -0.69358695     -0.62432626     -0.56830593     -0.53900135
    1      -0.00330060      0.01732219      0.00084719     -0.06879392
    2       0.00666401     -0.03989870     -0.00416639      0.16137897
    3       0.01433964     -0.07369181      0.00204644      0.28406539
    4       0.25334256      0.06258557     -0.01686417     -0.14150901
    5       0.12358379      0.04418810      0.00889903     -0.07179429
    6      -0.26083591     -0.02197312      0.01641183     -0.12316796
    7      -0.13137449      0.00782601     -0.00971976     -0.07737057
    8       0.00828542     -0.06285553     -0.01258547     -0.02254065
    9      -0.01852156      0.14773356      0.03521431      0.05383398
   10      -0.03479303      0.25549019      0.03928609      0.09720176
   11       0.01808178     -0.11166973     -0.01078498     -0.04446703
   12       0.00690340     -0.05927401     -0.00749427     -0.03104614
   13       0.02360252     -0.13298607     -0.01793635     -0.02229961
   14       0.01057070     -0.06655534     -0.01565491     -0.03153407
   15      -0.01765413      0.02348487     -0.02955071     -0.02445899
   16       0.04341353     -0.05440134      0.07109796      0.06091456
   17       0.05698508     -0.09756507      0.11374964      0.08303109
   18      -0.01041194     -0.07538465     -0.02535024     -0.05602850
   19      -0.00278223     -0.00866112     -0.00691158     -0.00684639
   20      -0.01009234      0.13919108     -0.07516939     -0.03467390
   21      -0.01264230      0.07057397     -0.04833690     -0.00800544
   22      -0.19002052     -0.07715737     -0.00404275      0.18463736
   23       0.36879834      0.01859850     -0.03778945      0.32157277
   24      -0.26024448     -0.08412004      0.02370605      0.32863342
   25      -0.10008075     -0.05345965     -0.00600238      0.13281421
   26       0.19475567      0.00366188     -0.03407499      0.23210072
   27      -0.13552415     -0.05166089      0.02007867      0.23996918
   28      -0.04449927      0.16429477     -0.38224029      0.11816224
   29      -0.02108749      0.24911040      0.45176187      0.01802370
   30      -0.06638966      0.37081662     -0.03392189      0.10311634
   31      -0.03510451      0.12688234     -0.30474052      0.08277461
   32      -0.01410546      0.18267623      0.36012376      0.00234779
   33      -0.04859001      0.26982924     -0.03567535      0.07497860
   34      -0.00984545      0.24092932     -0.12391539     -0.03060777
   35      -0.04588634      0.05437852      0.01294500     -0.02167127
   36       0.04754607      0.00296914      0.13663002      0.19323201
   37      -0.00486647      0.14250866     -0.08139971     -0.02647808
   38      -0.03411093      0.03549102      0.01676407     -0.01246322
   39       0.03650798     -0.00797064      0.10568014      0.14665292

                    13              14              15              16
    E      -0.52574324     -0.48502215     -0.46639071      0.14926681
    1       0.02649991      0.00298550      0.00398003     -0.02638714
    2      -0.06700806     -0.01074140     -0.00578871      0.03953008
    3      -0.09440817     -0.00137075     -0.04396121      0.31808870
    4       0.04231058     -0.01118699      0.01408705     -0.00760266
    5       0.02418347      0.00071822      0.00734508     -0.34419232
    6       0.06782651      0.02325654     -0.03063114     -0.01387468
    7       0.01207167     -0.00835193      0.07232452     -0.17322107
    8      -0.00996393     -0.00589867     -0.00005097     -0.08429162
    9       0.02362618      0.01632132     -0.00054314      0.12067244
   10       0.04040436      0.02024479      0.00384344      1.07209385
   11      -0.00384830     -0.01091650     -0.00263823     -0.06307030
   12      -0.00441142     -0.00803870     -0.00535910     -0.78815395
   13      -0.02585122     -0.01023567      0.00434631     -0.05162631
   14      -0.01136206     -0.00586702      0.00404154     -0.93773884
   15      -0.05905094      0.00019346     -0.00250929     -0.02379660
   16       0.14294989      0.00386438      0.00618878      0.04058085
   17       0.22640110     -0.01909508      0.02552616      0.25842683
   18      -0.13078467      0.00250735      0.01011734     -0.01166616
   19      -0.03499458      0.01278988     -0.04541714     -0.16861557
   20      -0.10812363      0.00022155      0.00497126     -0.01264775
   21      -0.06280923      0.01762429     -0.01815202     -0.22781639
   22      -0.06110088      0.41229028      0.35017735     -0.03496120
   23      -0.17642606     -0.01717173      0.09857418     -0.06627012
   24      -0.12985013     -0.25775334     -0.22020943     -0.06578568
   25      -0.04529946      0.32757106      0.27597073     -0.06909538
   26      -0.13681622     -0.01335200      0.08711893     -0.07291144
   27      -0.09562294     -0.21397530     -0.16537986     -0.11320186
   28       0.16537736     -0.00281619     -0.00377710     -0.04291422
   29      -0.13193604      0.03848009      0.00475580     -0.09252073
   30       0.08937573      0.02440259     -0.00408034     -0.14672541
   31       0.13549987     -0.00449143     -0.00807498     -0.10129844
   32      -0.09894339      0.02220023     -0.00539765     -0.18617987
   33       0.06863390      0.01010927      0.00696787     -0.30283122
   34      -0.14202907      0.06024290     -0.07703993      0.00784124
   35       0.05981908     -0.39428177      0.48044484      0.00469055
   36       0.45708122      0.04852042     -0.06832979     -0.08534897
   37      -0.10429320      0.04478242     -0.06432830      0.05008070
   38       0.04573190     -0.31923130      0.37143798      0.01471500
   39       0.34157296      0.04434760     -0.05617861     -0.11949086

                    17              18              19              20
    E       0.23311218      0.25172415      0.28058827      0.38691954
    1       0.05527798     -0.00968738     -0.05247471     -0.03742908
    2      -0.08135585     -0.00016458      0.06170676      0.04918906
    3      -0.68686760      0.19358464      0.78512296      0.59123941
    4       0.05677526     -0.00791127     -0.04532739      0.03893345
    5       0.59942306     -0.45693843     -1.26582226      0.84110167
    6       0.05153861      0.00445900     -0.03156342     -0.09882937
    7       0.49798958      0.11056237     -0.10998925     -1.92995253
    8      -0.02252726      0.00554844      0.00847661     -0.00154358
    9       0.00725231     -0.01228737     -0.00591830      0.00706153
   10       0.45992312     -0.04496584     -0.14878349      0.00406367
   11      -0.01656225      0.03689488     -0.06597491     -0.08441177
   12      -0.67413166      1.21411851     -0.51642361     -0.00985283
   13      -0.03496802     -0.03431564      0.07634049      0.05129731
   14      -0.20296921     -1.18937677      0.73802832     -0.08641464
   15       0.05093604      0.03084074      0.03949423      0.04004072
   16      -0.06560876     -0.03825232     -0.04756306     -0.04342025
   17      -0.67608769     -0.42685726     -0.56831736     -0.72830840
   18       0.02286315      0.00988053      0.04138698      0.06625965
   19       0.09169739      0.19715720      0.28443346      0.78456905
   20       0.03412010      0.03067001      0.04726146      0.05596931
   21       0.98443424      0.50685898      0.68192610      0.73965433
   22       0.01138783     -0.04407754     -0.11146459      0.11125578
   23       0.10478278      0.05410967      0.03991044     -0.26515739
   24       0.07967618     -0.07799484     -0.18968747      0.06579350
   25       0.09822864     -0.10256881     -0.24730123      0.24812654
   26       0.19588746      0.09756538      0.07344811     -0.71162398
   27       0.17996171     -0.16059611     -0.40592461      0.28065983
   28      -0.10849722      0.16489997     -0.10498472      0.02309712
   29      -0.10121526      0.15662024     -0.00334799      0.01298807
   30      -0.07600590     -0.19869001      0.10066994     -0.02537741
   31      -0.19659811      0.42010912     -0.24395164     -0.04163433
   32      -0.19780650      0.34226117     -0.13060290      0.02346383
   33      -0.11084939     -0.47789719      0.25443631     -0.06404612
   34      -0.17609291     -0.07351696     -0.08181055     -0.01577308
   35      -0.04224758      0.01018519      0.03153298      0.11363243
   36       0.09001116      0.05330275      0.06989801      0.01832576
   37      -0.37016736     -0.15866342     -0.19549308     -0.06839082
   38      -0.08323225     -0.01755677     -0.00046450      0.14882615
   39       0.16796104      0.12161102      0.16119658      0.18815249

                    21              22              23              24
    E       0.41435888      1.01768996      1.04456956      1.07858088
    1       0.01463733     -0.04142425      0.02610743      0.01193070
    2      -0.03278016      0.20860717     -0.12121099     -0.00794422
    3      -0.17085254      0.11074814     -0.07259970     -0.15865457
    4      -0.02658085     -0.25706233      0.62292495     -0.43357114
    5      -0.05093889     -0.01517768     -0.18529771      0.25914419
    6       0.05406207     -0.32177714     -0.18950793      0.67010600
    7       0.35834559     -0.10234958      0.19415145     -0.13558737
    8       0.01937472      0.00853613     -0.00061904     -0.02521151
    9      -0.08325198     -0.09383361      0.00177455      0.15978868
   10       0.07811045      0.07695616      0.03518579     -0.02711921
   11      -0.07276024      0.82719719     -0.03570479     -0.19007571
   12      -0.36528280     -0.42538268      0.02590035      0.02755388
   13       0.03492353     -0.83099267      0.23102151     -0.19557837
   14      -0.26466951      0.45162832     -0.07988253      0.00751236
   15       0.03811586      0.00992942     -0.01010815     -0.01302755
   16      -0.07846230     -0.04993853      0.06495303      0.11794012
   17      -0.47334279     -0.04014122      0.06170860     -0.13196197
   18       0.08109382      0.27809351      0.65630819     -0.09561329
   19       1.88201338     -0.01770184     -0.53029715      0.15380442
   20      -0.03844815     -0.16290066     -0.67106612     -0.05200890
   21      -1.05294757      0.10276233      0.27927556      0.03995027
   22       0.01767485      0.07066589     -0.16739385     -0.30115705
   23       0.07894565     -0.00000844     -0.08480115     -0.13014915
   24      -0.00757101      0.04119993      0.05400348      0.16314785
   25      -0.02648521     -0.12954748      0.36576534      0.13173944
   26       0.16060611     -0.21871584     -0.06596443      0.59361806
   27      -0.03419969     -0.17943207      0.26101811     -0.36776018
   28      -0.13521987     -0.13923353     -0.16948304     -0.16920981
   29      -0.02164879      0.10334545      0.40057199      0.37652182
   30      -0.15814662     -0.22776616      0.04611224      0.13122171
   31      -0.22788775      0.58664534      0.16247296      0.12882164
   32      -0.08269414      0.22673485     -0.44255345     -0.46879287
   33      -0.31074574     -0.21871343      0.15732026     -0.26860819
   34       0.26882002     -0.01741895      0.06568573     -0.10312157
   35       0.06498717      0.12503316     -0.06434366      0.43208075
   36       0.19284226      0.05209689      0.05058830     -0.04277623
   37       0.68107781      0.19650109      0.45656586      0.11857654
   38       0.13321315     -0.07206506      0.14481828     -0.41070962
   39       0.46015462      0.08774702      0.11808463      0.00010354

                    25              26              27              28
    E       1.11178667      1.13901392      1.16566386      1.18197222
    1      -0.00918420     -0.00426353      0.02050520      0.01361495
    2       0.03834015      0.00931565     -0.08591162     -0.07766260
    3       0.03644580      0.03374092      0.02116032      0.06122986
    4      -0.67656180      0.02541412      0.09459547      0.30439745
    5       0.37660585     -0.03988245      0.11346966     -0.15317041
    6       0.48111121     -0.14920019      0.49094640      0.05798435
    7      -0.37514622      0.03855801     -0.46553647     -0.11967691
    8       0.02561580     -0.05767018     -0.02639166      0.02302888
    9      -0.16464601      0.31487005      0.16803810     -0.11393065
   10       0.06232080     -0.15402451     -0.08021249      0.08375008
   11       0.17075495     -0.81894720     -0.16605808      0.51391527
   12       0.02985639      0.45354922      0.05517348     -0.43851843
   13       0.43150821     -0.76962780     -0.38350150      0.14797732
   14      -0.15673414      0.42517759      0.18594467     -0.20027298
   15      -0.00015202     -0.00995348     -0.01463064     -0.01249537
   16       0.01337871      0.06204598      0.01188125     -0.02774318
   17      -0.01516285     -0.09299014      0.06205155     -0.07772914
   18       0.63860716      0.09283536     -0.26029010     -0.50563735
   19      -0.44958883      0.08426393      0.20277105      0.74945606
   20      -0.51875571     -0.48410934     -0.26297034     -0.58958090
   21       0.42458554      0.25629474      0.13077512      0.27858074
   22       0.05743478     -0.14606821      0.54946162      0.10643911
   23       0.01961611      0.06368335      0.02513283      0.13043705
   24      -0.20537166     -0.01058146     -0.45821849     -0.00177143
   25      -0.28328780      0.16318149     -0.55733566     -0.02831066
   26       0.27087530     -0.14393414      0.15741559     -0.14535671
   27      -0.10368741      0.01271678      0.55240788      0.13062920
   28       0.18576679      0.09308505     -0.17607336      0.30491931
   29      -0.29262309     -0.39632395      0.24143492      0.00379292
   30      -0.03238422     -0.19414169      0.01333122      0.32218136
   31      -0.13414089     -0.30825835      0.19109053     -0.23809151
   32       0.38384944      0.16139182     -0.30361390      0.17385694
   33       0.33888784     -0.16379418     -0.22148442     -0.42564585
   34      -0.00804929      0.10056578     -0.03582255      0.21695148
   35      -0.03674662      0.09153928     -0.24497826      0.34997151
   36       0.00741858     -0.23569209     -0.02285864     -0.46204186
   37       0.39593793      0.19132839      0.11994240      0.02403675
   38       0.15221530     -0.05304940      0.28895958     -0.34976286
   39       0.16100405      0.25021128     -0.14901168      0.28184784

                    29              30              31              32
    E       1.20179272      1.24071861      1.25948060      1.37106332
    1      -0.01032676      0.03410572      0.00893874      0.04281058
    2       0.11334431     -0.13368292     -0.00443681     -0.37196213
    3       0.06348842     -0.02927240      0.05471321      0.15886448
    4       0.27049461      0.52193059      0.14267464      0.42615718
    5      -0.32853980     -0.24272406     -0.20221840     -0.70488350
    6       0.13683102      0.47888753      0.53289065      0.04098264
    7      -0.26439947     -0.20929678     -0.37475102      0.78350512
    8       0.00150227     -0.00951178     -0.01031984     -0.00257355
    9      -0.01421762      0.05691987      0.09918101      0.01824915
   10      -0.03753980     -0.00057911     -0.09415890     -0.04266880
   11      -0.21242703      0.24862089      0.06726936     -0.02827281
   12       0.43612423     -0.58854392     -0.17790426      0.34921724
   13       0.19986355     -0.38402300     -0.14120173     -0.06325304
   14      -0.23055601      0.61790467      0.28277764     -0.18178163
   15      -0.02710169      0.00120928      0.04082206      0.05167126
   16       0.16758593     -0.01523964     -0.24155711     -0.40852968
   17       0.04858881      0.05836301     -0.02645065      0.38279448
   18      -0.01956602      0.13032454      0.36496720      0.57316542
   19      -0.25357919     -0.01136045     -0.01395721     -0.26830051
   20      -0.20877436      0.09541807      0.32839330      0.51650582
   21       0.08772394     -0.17104847      0.02342310     -0.62533282
   22       0.40679696     -0.03276335      0.09359735      0.26543002
   23       0.41941534      0.01376914      0.37871052     -0.40203512
   24       0.44146963      0.03193901      0.43810047     -0.02033154
   25      -0.39099535      0.15336654     -0.11321508     -0.30133037
   26      -0.45095716      0.19117140     -0.17202708      0.68307731
   27      -0.39153744      0.19204873     -0.45833160      0.09610353
   28      -0.28675922      0.64306166      0.10366150     -0.15698420
   29      -0.21660126      0.05322085      0.17301794     -0.27680995
   30       0.03473380     -0.19100265     -0.11888067      0.18039142
   31       0.32125182     -0.70417957     -0.09324134      0.27501420
   32       0.23578049     -0.03349813     -0.18271293      0.38826971
   33       0.06975566      0.13988767      0.14274011     -0.28254139
   34      -0.26865735     -0.10207126      0.16715345     -0.16527784
   35       0.27127021      0.10288608     -0.31442075      0.31978378
   36       0.26535757      0.49249908     -0.41092903     -0.16788655
   37       0.35530030      0.14477008     -0.26966824      0.17894027
   38      -0.27983275     -0.07887039      0.39829039     -0.39044371
   39      -0.40064858     -0.48114952      0.68659082      0.54341465

                    33              34              35              36
    E       1.39965741      1.43028827      1.46487019      1.49063822
    1       0.01468832     -0.00213384      0.00408138      0.02015018
    2      -0.15479685      0.06701132      0.02590404     -0.01419475
    3       0.15726929      0.02331709     -0.13330857      0.04298241
    4       0.15858871      0.11480287     -0.00278611      0.46917698
    5      -0.54064787     -0.40969028      0.42962441      0.23251647
    6       0.02605957      0.20549276      0.12488552      0.69048101
    7       0.38408836     -0.02827020     -0.31001136     -1.17556355
    8       0.01445354     -0.00661384     -0.02097497      0.02068383
    9       0.05338204      0.02490083      0.42336064     -0.04271942
   10      -0.41547317      0.04087891     -0.63783292     -0.28342453
   11       0.09637539      0.05184504      0.03721041      0.37401106
   12      -0.09027347      0.32111217      0.38498665      0.35571907
   13       0.23784005     -0.16199724      0.19523492     -0.01837003
   14       0.65137249     -0.30563184      0.17152624     -0.04262496
   15      -0.03934295     -0.01091145      0.00614728     -0.01269356
   16       0.41996338      0.18355423      0.03601089      0.06853167
   17      -0.30319104     -0.36842910      0.01429463     -0.09308945
   18      -0.25403034      0.02093490      0.38462325     -0.32346100
   19      -0.52753881     -0.20061272     -1.18386092      0.46111286
   20      -0.11833281     -0.25484408      0.24778169     -0.02861982
   21       0.50326899      0.74636201      0.64410936      0.01933732
   22       0.20779655      0.07759142     -0.05268666     -0.44918051
   23      -0.38993346     -0.37055905      0.38091320      0.14462921
   24       0.19097268      0.34707519     -0.35719960     -0.17110296
   25      -0.29230372     -0.13154063      0.11438176      0.74689390
   26       0.60122627      0.59240702     -0.49615143     -0.12162248
   27      -0.27264515     -0.46826977      0.53860579      0.51549063
   28      -0.04519951     -0.13604284     -0.17512657     -0.40212940
   29       0.02394170     -0.24948638     -0.00835248     -0.38565405
   30      -0.74666449      0.36171838     -0.12616017     -0.11939608
   31       0.01885062      0.32239428      0.35589086      0.79202905
   32      -0.03165738      0.41856098      0.07218008      0.78294525
   33       1.31711013     -0.63043670      0.48715361      0.08158644
   34       0.18578690      0.59323784      0.62900466     -0.17706253
   35       0.11882350     -0.23104622      0.37763543     -0.16959228
   36      -0.19665988      0.29216189      0.19001907     -0.10261632
   37      -0.45257359     -0.77460291     -1.13261772      0.21640337
   38      -0.23173093      0.28191674     -0.50471599      0.27827397
   39       0.01605847     -0.38489387     -0.21938218     -0.01668006


                    37              38              39
    E       1.64284724      1.80171601      1.99320527
    1      -0.00573252     -0.04986211     -0.00862702
    2      -0.02180395      1.66839379      0.42438506
    3       0.12282010     -2.94653849     -0.84247789
    4      -0.10163912      0.42394904      0.12929828
    5      -0.06089775      0.46006771      0.06721075
    6      -0.10940983      0.24007682     -0.06522013
    7       0.02952374      1.34015956      0.58162400
    8      -0.04803234      0.00425897     -0.01769364
    9       1.43519314     -0.13587903      0.82918818
   10      -2.33280320      0.23866980     -1.34694233
   11       0.38152603     -0.18205089      0.31625628
   12       0.49001697     -0.00822691     -0.00844798
   13       0.37339644      0.10805546      0.07392532
   14       0.51059965     -0.08195322      0.00615639
   15       0.02677475      0.01641807     -0.02516267
   16      -0.75446369     -0.41626427      1.44247350
   17       1.15822448      0.81074169     -2.79010478
   18      -0.26408901      0.02863497      0.35945362
   19       0.06813882     -0.53720325      1.82842804
   20      -0.29351630      0.01933997      0.45704235
   21      -0.38365332     -0.41334606     -0.13824890
   22      -0.01036651      0.01836649      0.04103411
   23      -0.09042715     -0.22638096     -0.05512416
   24       0.10274963     -0.10685634     -0.05923439
   25      -0.01437128      0.12674743     -0.00644311
   26       0.06743582      0.76660291      0.21825073
   27      -0.19569166      0.48729139      0.16253413
   28      -0.02390111      0.03713120      0.12345583
   29      -0.07168083      0.04153147     -0.04926753
   30      -0.08317911     -0.06238806      0.22220943
   31       0.20818589     -0.16991327     -0.19118278
   32       0.35688884     -0.20863715      0.23332952
   33       0.47326839      0.18335342     -0.53308346
   34      -0.13590583      0.00681326     -0.17559390
   35      -0.07680885      0.09470445     -0.05934422
   36       0.09194817     -0.03763858     -0.23103429
   37       0.39879844     -0.00005367      0.37581894
   38       0.10793267     -0.22932883      0.15555867
   39      -0.32558408     -0.01300442      1.08914665


----
EXECUTION TIMES:
 SECTION               :          user time       elapsed time
 Read_Input            :            0.04800            0.05106
 Hcore Matrix          :            0.00800            0.00827
 Initial D Matrix      :            0.00400            0.02364
 G Matrix              :           11.37671           11.39249
 F Matrix              :            0.00000            0.00055
 Matrix Diagonalization:            0.02800            0.02846
 Update D Matrix       :            0.00400            0.00216
 Convergence Check     :            0.00400            0.00062
 Print Results         :            0.00000            0.00171
 Finalize              :            0.00000            0.00023
----------------------------------------------------------------
 TOTAL                 :           11.48472           11.51806
